$ 1 0.000005 10.20027730826997 52 5 50
w 128 -80 -48 -80 0
w -160 -32 -160 -16 0
w -192 -32 -160 -32 0
r 288 -16 288 64 0 68
g 288 64 288 80 0
t 160 -32 192 -32 0 1 -3.263174153050426 0.03640072490445172 100
w 192 -48 192 -80 0
w -48 -32 160 -32 0
g -48 64 -48 80 0
t -80 -16 -48 -16 0 1 0.606322261045385 0.6431481079949589 100
r -48 -32 -48 -80 0 1000
w -48 0 -48 64 0
r -80 -16 -128 -16 0 1000
r -272 32 -224 32 0 1000
r -224 -16 -272 -16 0 1000
w -192 48 -192 64 0
w -192 0 -192 16 0
t -224 32 -192 32 0 1 -2.2221682713224222 3.0999999962845467e-9 100
r -192 -32 -192 -80 0 1000
t -224 -16 -192 -16 0 1 0.5774153804187816 0.5771580151217508 100
g -192 64 -192 80 0
R -624 -80 -672 -80 0 0 40 3.3 0 0 0.5
w -192 -80 -48 -80 0
w -160 -16 -128 -16 0
g -192 400 -192 416 0
t -224 320 -192 320 0 1 0.5772709220503498 0.5770135567533781 100
r -192 304 -192 256 0 1000
t -224 368 -192 368 0 1 -2.225101243427007 3.0999999962845463e-9 100
w -192 336 -192 352 0
w -192 384 -192 400 0
r -224 320 -272 320 0 1000
r -272 368 -224 368 0 1000
w -192 304 -160 304 0
w -48 192 16 192 0
r -128 256 -80 256 0 1000
r -80 208 -128 208 0 1000
w -48 272 -48 288 0
w -48 224 -48 240 0
t -80 256 -48 256 0 1 0.6057921956256928 0.6518053621388921 100
r -48 192 -48 144 0 1000
t -80 208 -48 208 0 1 0.619481271606386 0.6501930097958409 100
g -48 288 -48 304 0
w -48 416 16 416 0
r -128 480 -80 480 0 1000
r -80 432 -128 432 0 1000
w -48 496 -48 512 0
w -48 448 -48 464 0
t -80 480 -48 480 0 1 -1.9605290644148876 3.0999999962845463e-9 100
r -48 416 -48 368 0 1000
t -80 432 -48 432 0 1 0.26456750528839246 0.26431201751671507 100
g -48 512 -48 528 0
w 128 304 160 304 0
r 48 368 96 368 0 1000
r 96 320 48 320 0 1000
w 128 384 128 400 0
w 128 336 128 352 0
t 96 368 128 368 0 1 0.6026161116541426 0.6205443634879879 100
r 128 304 128 256 0 1000
t 96 320 128 320 0 1 -3.1152366290625437 0.05879665296009837 100
g 128 400 128 416 0
w -48 368 -16 368 0
w -16 368 -16 144 0
w 16 192 16 320 0
w 16 416 16 368 0
w -160 304 -160 256 0
w -160 256 -128 256 0
w -160 304 -160 432 0
w -160 432 -128 432 0
w -192 256 -192 144 0
w -16 144 -48 144 0
w -48 144 -192 144 0
w -128 208 -336 208 0
w -272 320 -336 320 0
w -336 320 -336 208 0
w -272 368 -304 368 0
w -304 368 -304 480 0
w -128 480 -304 480 0
w 16 320 48 320 0
w 48 368 16 368 0
w 128 256 128 144 0
w 128 144 -16 144 0
w 192 288 192 144 0
t 160 304 192 304 0 1 -0.10803846614351231 0.6571198054746192 100
g 288 400 288 416 0
r 288 320 288 400 0 68
w 128 144 192 144 0
w -304 368 -304 32 0
w -336 208 -336 -16 0
w -336 -16 -272 -16 0
w -272 32 -304 32 0
g -464 128 -464 160 0
w -624 -16 -624 32 0
w -512 -16 -464 -16 0
w -464 32 -464 64 0
w -512 32 -464 32 0
w -512 64 -512 -16 0
w -512 128 -464 128 0
r -512 64 -512 128 0 10000
r -464 64 -464 128 0 10000
s -512 32 -624 32 0 1 false
s -512 -16 -624 -16 0 0 false
w -336 -16 -464 -16 0
w -304 32 -464 32 0
w 128 -80 192 -80 0
w -368 -80 -624 -80 0
w -624 -80 -624 -16 0
w -368 -80 -368 144 0
w -192 144 -368 144 0
w -368 -80 -192 -80 0
162 192 -16 288 -16 2 default-led 0 1 1 0.01
162 192 320 288 320 2 default-led 0 1 1 0.01
